# source level lobe angle lobe width
# Very shallow - not used
21570 0 16500
21570 0 16500
21570 0 16500
# Shallow
# Single swath
21750 6000 2600
21710 2800 4000
21600 -2800 4000
22040 -6000 2600
# Dual swath 1
21900 6000 2600
21840 2800 4000
21760 -2800 4000
21820 -6000 2600
# Dual swath 2
22040 6000 2600
21670 2800 4000
21470 -2800 4000
21880 -6000 2600
# Medium
# Single swath
21980 6000 2600
21910 2800 4000
21720 -2800 4000
21960 -6000 2600
# Dual swath 1
21850 6000 2600
21910 2800 4000
21730 -2800 4000
21880 -6000 2600
# Dual swath 2
21990 6000 2600
21950 2800 4000
21700 -2800 4000
21970 -6000 2600
# Deep
# Single swath
21930 6000 2400
22270 4300 1800
22460 2600 1800
22540 1100 1700
22520 -1100 1700
22450 -2600 1800
22350 -4300 1800
22030 -6000 2400
# Dual swath 1
22805 6000 2400
22535 4300 1800
22760 2600 1800
22585 1100 1700
22645 -1100 1700
22695 -2600 1800
22695 -4300 1800
22325 -6000 2500
# Dual swath 2
22955 6000 2400
22800 4300 1800
22825 2600 1800
22715 1100 1700
22615 -1100 1700
22755 -2600 1800
22820 -4300 1800
22540 -6000 2500
# Very Deep
# Single swath
22170 4300 1900
22485 2600 1500
22515 1000 1400
22570 -1000 1400
22500 -2600 1500
22250 -4300 1900
# Dual swath 1
22080 4300 1900
22300 2600 1500
22470 1000 1400
22280 -1000 1400
22260 -2600 1500
22090 -4300 1900
# Dual swath 2
22200 4300 1900
22430 2600 1500
22340 1000 1400
22140 -1000 1400
22220 -2600 1500
22200 -4300 1900
# Extra Deep
# Single swath
22510 2500 1700
22590 900 1400
22570 -900 1400
22500 -2500 1700
# Dual swath 1
22210 2500 1700
22500 900 1400
22470 -900 1400
22210 -2500 1700
# Dual swath 2
22320 2500 1700
22580 900 1400
22560 -900 1400
22350 -2500 1700
# Extreme Deep
# Single swath
22510 900 1400
22500 -900 1400
# Dual swath 1
22510 900 1400
22500 -900 1400
# Dual swath 2
22510 900 1400
22500 -900 1400